0.6506451981272126
0.7075394105551748
0.768974593728542
0.7239802933088909
0.6079979419163046
0.713316091954023
0.6224614505996573
0.6494111593871484
0.6953299840146152
0.55268971042692
0.721094109526001
0.6388264955305982
0.6972969864274212
0.7091526778577139
0.7010731091472512
0.6910595640517543
0.7126858842370167
0.7193683365814514
0.6236042927274803
0.6995254973702264
0.9658945321436743
0.9653083573487031
0.9634822451317296
0.9625886930647746
0.9641499713795078
0.9645279141454504
0.9632848304307974
0.9630192152801749
0.9635028571428571
0.9653285927285239
0.966079798788156
0.9642350788932084
0.9631687242798354
0.963598445891898
0.9682176295957982
0.9635196112460951
0.9655814484806945
0.9627284148012791
0.9632546683468897
0.9643110551613642
0.9653511284224997
0.964959368204189
0.9642346703550023
0.9626034007352942
0.9607265642906258
0.9615764678846375
0.96412
0.9667184086466598
0.9663153070577452
0.9633842443729903
0.9624956832047887
0.9648489356832227
0.9635076501484358
0.9639817804428045
0.9663687406898133
0.964543063021846
0.964480212299527
0.9665357514150399
0.9630638346465684
0.9682041328918827
0.9625600274411159
0.9038003663003663
0.6336228571428572
0.7254973702263892
0.9656994047619047
0.9676538240368028
0.9664572864321608
0.965192926045016
0.9669907354454993
0.9654971428571428
0.963596239825748
0.966391468868249
0.9639070567986231
0.9636159428637254
0.9634470130464637
0.9660975331201462
0.9662758778451332
0.9662566107151069
0.9632917964693666
0.9608459869848156
0.964019822519304
0.9653863766456783
0.9651885714285714
0.9651273148148148
0.9641932898202221
0.9622664221024877
0.9647663336778046
0.9652704561081824
0.9661019869070863
0.9665029132868731
0.9657436073844743
0.964639091646391
0.9638631951581592
0.9616043880699349
0.9655069468366058
0.964762992575671
0.9647674019887987
0.9650172413793103
0.9655582219174952
0.9650394420944324
0.967668739921677
0.9642710002288853
0.9649188942197853
0.9619179027250776
0.9657080659945004
0.9645749221363479
0.9640691397725968
